676
331
159
230
286
438
208
685
82
64
280
275
582
104
168
658
451
386
598
122
459
619
737
308
570
400
27
411
381
579
677
379
78
588
143
215
623
472
498
155
501
273
629
515
343
113
532
225
151
448
123
227
21
663
511
476
391
455
602
57
557
599
695
683
268
101
566
298
72
167
232
326
119
135
678
720
713
213
458
717
194
680
403
76
745
525
253
639
432
734
470
161
221
259
488
154
5
187
563
247
353
706
471
250
55
136
418
487
462
431
422
726
735
134
508
747
4
36
478
395
222
636
339
44
457
596
490
174
681
372
427
249
266
727
28
389
621
74
429
730
256
738
31
465
565
692
107
15
214
694
46
521
252
144
330
618
414
615
199
638
347
741
575
127
166
234
19
578
503
666
708
646
569
728
744
718
293
731
361
512
383
41
405
746
408
407
1
277
98
647
355
430
397
207
340
84
626
589
150
466
485
86
404
105
148
367
12
54
729
294
656
724
242
299
710
507
333
328
456
8
209
479
616
191
528
237
645
630
493
341
362
184
279
42
356
360
304
52
502
524
118
704
125
659
16
624
206
324
67
409
518
238
145
625
133
18
593
160
314
103
110
506
175
282
555
112
65
712
513
721
26
165
649
581
245
705
564
701
437
338
233
732
634
195
311
292
287
577
396
425
269
290
235
183
609
484
415
480
700
584
560
14
77
335
23
393
251
482
648
664
267
3
631
336
674
464
83
725
390
345
202
321
419
750
520
601
592
554
398
702
530
559
318
374
178
95
22
416
583
635
149
477
132
481
196
306
228
291
239
417
354
707
612
571
641
212
420
447
454
302
375
190
580
138
421
172
40
216
740
140
337
668
177
548
468
344
377
342
467
402
85
197
607
449
670
50
611
106
682
542
529
715
182
38
526
108
689
117
492
348
546
412
310
171
114
126
59
399
662
33
585
739
445
446
274
205
714
231
320
131
94
32
543
219
369
162
519
146
672
223
597
141
642
262
80
2
567
722
164
572
120
34
170
711
37
128
193
204
272
258
428
281
263
505
540
368
200
687
300
660
736
605
469
719
633
675
562
627
43
142
69
392
709
549
531
440
296
693
322
590
189
265
71
504
9
317
30
180
551
594
533
536
152
87
359
257
387
62
491
100
