207
387
158
138
83
258
237
407
356
39
133
63
41
154
102
455
347
335
242
415
329
193
448
333
492
179
185
31
384
416
52
178
358
432
88
257
55
64
284
128
316
383
385
364
426
153
244
285
86
74
340
225
445
293
186
189
164
240
410
226
336
141
322
449
327
187
369
283
367
393
423
468
137
464
359
465
33
43
436
296
380
263
483
221
166
241
379
7
406
421
169
392
469
73
265
216
250
493
139
112
17
115
233
234
337
427
135
394
292
471
398
371
57
314
9
409
499
401
487
150
132
239
450
254
26
6
312
353
116
287
489
206
181
111
280
454
218
467
170
417
248
422
441
190
281
157
160
373
324
201
418
78
134
386
388
177
188
47
435
29
231
168
323
203
472
87
144
85
301
475
212
355
442
75
488
94
378
99
321
79
120
288
194
260
174
402
478
76
106
443
319
129
309
110
271
470
118
474
142
446
30
227
338
36
425
238
108
101
299
183
53
103
310
66
124
300
372
77
334
210
97
370
100
113
54
182
256
405
172
419
290
295
245
345
363
23
473
14
16
131
397
286
10
382
341
479
351
224
136
476
477
205
500
198
344
268
46
15
428
376
121
195
458
196
50
236
37
49
147
5
484
482
352
230
456
27
246
390
104
173
202
480
40
84
317
71
399
149
264
429
4
209
342
278
357
320
161
200
92
229
491
145
453
130
490
20
90
0
222
70
350
126
61
155
339
282
18
313
381
408
297
440
215
8
486
411
35
433
81
420
243
389
466
235
459
176
306
273
28
119
151
330
403
494
163
431
495
180
148
45
275
204
42
434
413
143
251
22
21
437
60
32
279
197
368
80
214
391
259
498
460
65
302
326
91
98
361
72
438
404
318
208
307
105
82
114
298
156
62
93
249
332
192
24
34
328
217
412
457
303
360
366
2
294
51
349
12
289
439
199
481
348
377
123
107
451
67
146
252
167
89
430
276
375
496
374
11
304
228
171
223
117
44
272
362
140
175
1
343
365
219
463
109
13
253
152
211
162
3
485
305
462
325
424
247
165
159
400
38
447
262
191
315
396
270
354
95
269
56
274
266
220
277
267
291
19
395
125
184
414
68
497
69
25
232
96
346
311
444
461
59
331
261
122
308
127
255
213
58
48
