18
49
19
4
44
46
12
21
24
42
32
25
15
10
6
35
50
23
1
27
30
14
45
34
41
36
20
48
43
2
8
26
16
40
7
29
9
5
47
17
37
28
11
39
3
33
13
22
38
31
105
576
148
503
539
364
105
745
231
528
445
578
903
541
360
763
932
581
558
434
577
784
721
884
559
296
418
299
729
330
812
351
510
482
467
310
426
642
3
432
615
63
334
962
423
901
658
117
897
667
732
972
794
574
404
683
513
9
485
979
649
214
669
777
39
886
392
115
564
396
42
308
774
385
297
367
583
872
811
794
22
422
5
530
64
694
757
513
819
238
292
446
604
444
808
52
768
267
775
266
696
18
918
458
683
611
887
225
391
423
475
133
668
205
700
237
799
103
183
474
835
715
380
475
879
843
480
989
504
917
517
148
224
223
389
435
892
90
278
277
108
728
704
613
726
106
956
227
131
689
943
443
188
15
775
498
456
906
107
728
387
902
851
135
245
486
493
802
820
934
959
305
360
380
606
3
18
136
777
4
504
421
929
547
947
898
725
340
673
959
662
347
804
183
510
826
165
225
978
822
821
981
534
845
607
336
510
714
604
421
863
138
657
386
876
698
32
865
252
675
1
756
702
917
752
576
569
655
291
655
974
475
594
582
558
29
407
399
129
440
80
234
29
503
446
92
969
380
354
132
771
262
792
143
737
746
609
119
609
650
649
415
332
664
367
481
287
977
419
958
821
731
950
955
41
413
789
575
568
656
459
619
328
98
682
921
323
531
950
616
295
111
950
86
432
961
94
526
364
446
945
987
698
344
461
251
364
304
913
345
115
87
585
193
537
367
629
919
199
95
80
52
796
983
785
394
286
366
366
713
581
115
541
55
15
574
345
165
725
167
852
860
88
710
584
43
463
497
665
180
11
198
184
688
163
250
308
159
15
907
376
194
990
373
886
717
205
694
700
298
296
201
554
886
824
137
541
387
862
224
576
652
940
742
870
765
899
706
876
621
316
995
942
365
253
27
711
479
639
402
693
942
919
790
7
693
334
930
686
909
571
78
59
748
336
545
699
319
569
415
383
377
644
943
578
141
607
15
255
681
964
554
267
736
247
794
429
174
452
270
571
109
442
903
18
126
12
579
940
285
672
556
758
507
822
700
568
937
85
375
85
722
84
766
111
563
565
687
419
458
627
876
158
39
372
646
949
795
461
442
230
762
802
77
968
166
856
853
535
790
473
536
124
388
42
208
8
563
71
465
407
55
891
77
337
378
917
986
202
807
85
797
117
964
987
951
23
922
542
782
665
896
40
768
322
711
117
330
270
227
618
253
991
737
833
508
228
191
823
81
329
309
438
901
313
202
893
464
171
30
785
157
961
490
271
233
688
362
601
113
141
113
644
126
458
491
191
784
609
884
889
530
322
908
355
413
132
64
151
470
162
908
832
979
66
540
966
723
181
633
415
376
575
960
314
655
616
870
834
99
636
649
311
109
459
42
356
496
861
788
873
534
576
704
944
748
219
342
790
850
137
282
413
537
981
571
958
494
473
75
178
516
620
171
448
578
928
114
734
430
640
478
858
84
519
682
997
550
337
77
106
399
276
423
470
869
665
84
320
834
972
101
847
638
383
25
591
249
39
998
459
216
766
638
961
470
400
841
199
874
954
43
83
354
934
115
554
903
84
66
217
224
638
843
562
104
373
342
76
387
840
276
4
550
819
544
954
279
190
916
176
957
127
419
379
446
215
339
94
444
707
746
201
579
500
72
346
851
342
834
810
39
858
609
456
439
117
237
817
264
972
82
907
191
306
375
3
492
661
515
576
796
840
980
840
489
543
681
96
809
676
604
467
567
882
480
284
392
227
168
207
104
140
605
569
91
579
223
170
902
492
310
734
764
439
334
318
339
923
693
38
28
601
812
958
705
562
258
962
157
526
771
246
347
372
87
36
647
102
511
936
131
786
277
104
713
929
797
502
280
814
815
827
481
366
408
506
674
787
79
869
992
591
731
131
309
9
348
206
922
600
665
900
138
966
491
79
465
611
269
108
78
545
53
124
821
892
698
835
819
846
558
450
856
642
873
589
105
808
273
519
776
119
670
3
155
810
992
840
675
230
302
692
422
83
841
592
910
820
170
99
261
125
613
869
955
467
974
854
431
734
686
146
502
717
783
419
900
996
590
859
240
129
677
133
987
123
105
468
861
947
530
581
870
963
403
684
497
836
109
167
456
680
42
159
990
944
398
505
951
40
890
665
30
480
866
89
731
884
622
418
666
917
756
84
610
841
390
155
439
770
548
624
754
36
130
225
997
843
743
33
51
145
408
32
706
137
356
742
414
441
102
195
288
960
261
13
869
159
358
524
374
619
863
722
529
543
717
219
217
785
771
321
93
670
289
647
897
773
394
742
921
112
462
686
494
974
388
373
464
121
609
545
964
132
805
153
103
688
73
524
91
997
548
886
779
915
445
909
135
11
89
546
811
509
829
427
37
58
517
665
332
2
356
641
365
568
411
314
131
5
653
398
469
254
490
491
306
551
62
269
164
201
514
91
270
900
650
99
700
596
248
803
137
646
487
250
259
897
773
741
473
72
610
327
388
868
779
36
13
873
106
931
921
673
717
382
118
263
628
737
530
392
945
233
311
26
212
43
677
986
727
279
950
212
674
602
376
452
436
417
657
740
34
777
688
395
837
725
450
989
836
489
439
271
997
17
802
855
790
567
421
207
697
989
145
621
496
48
877
490
879
482
57
68
892
310
268
938
972
142
934
218
411
401
216
852
829
399
794
255
994
35
201
841
93
866
763
742
502
689
709
977
949
156
925
915
685
783
731
49
383
134
40
39
877
587
632
819
176
419
788
549
78
213
423
966
982
780
380
425
872
408
461
445
43
396
985
518
28
696
1
261
422
814
487
640
745
141
673
587
156
293
708
399
147
750
101
442
104
148
471
783
792
891
889
716
418
46
981
374
5
106
995
97
362
190
757
663
17
770
164
743
728
118
977
119
207
935
592
56
181
66
619
316
268
397
819
640
159
537
148
380
564
617
847
835
818
473
474
676
863
849
796
293
970
992
800
837
803
421
555
120
742
500
605
102
530
223
115
930
134
587
470
440
271
728
137
653
484
259
847
893
315
481
810
86
630
31
388
748
845
326
306
827
497
533
930
93
329
983
121
959
899
463
507
870
613
120
528
167
889
116
242
326
345
705
535
433
408
484
39
55
721
567
579
385
632
709
27
223
464
704
18
727
761
211
3
308
689
432
569
583
784
386
173
306
975
402
552
164
410
104
990
860
769
89
776
86
651
189
835
143
862
555
786
573
37
641
970
516
334
76
983
159
296
725
150
83
412
773
256
874
9
188
632
171
334
799
249
435
463
436
962
621
464
567
995
854
210
391
756
320
978
840
748
969
473
747
444
443
923
600
524
256
399
260
598
189
281
467
60
56
448
722
969
40
373
477
346
915
458
202
834
399
599
951
215
359
388
606
825
50
880
935
578
652
910
941
444
